355 12
292 14
433 6
443 19
300 19
414 10
348 8
45 8
136 9
173 19
277 1
483 4
114 5
406 3
318 6
155 18
68 19
426 17
122 13
275 11
189 18
205 14
9 17
394 13
306 1
331 10
223 6
60 12
446 4
99 8
89 6
252 12
145 15
284 13
369 5
179 1
414 19
121 17
21 13
480 9
205 10
84 6
24 18
423 1
305 0
384 2
85 3
259 16
68 16
248 0
257 18
226 13
235 14
319 11
158 7
158 5
81 7
428 1
256 5
439 10
397 7
441 1
118 8
198 13
417 17
453 9
351 4
85 8
155 14
364 4
307 16
53 4
290 19
251 1
440 8
390 12
88 14
130 9
347 1
86 7
170 8
324 8
98 12
288 2
224 17
458 0
417 15
408 3
48 13
349 12
72 6
10 7
12 8
191 2
156 6
74 0
146 11
499 1
475 17
166 6
