1250 65
1170 115
1078 69
1779 61
1842 70
1068 52
1321 122
864 62
1646 85
1963 118
1458 115
992 81
1434 81
925 75
1500 85
1837 112
935 78
1882 54
1325 53
1916 119
1918 115
1267 125
1089 125
813 102
801 107
1060 87
1970 118
1799 109
878 127
1315 127
1809 76
1454 110
1613 109
1521 110
1691 77
1791 127
1311 68
1061 68
1702 89
1680 84
1807 53
1654 95
1779 83
1746 120
1906 83
1024 113
1851 125
976 117
1688 67
1258 110
996 64
1519 54
1290 76
968 91
1563 97
1454 92
907 72
1013 128
921 60
1637 118
954 113
1094 70
1408 125
1687 102
1644 84
1147 74
1357 66
802 115
1187 96
991 71
1541 90
987 113
1323 72
1557 111
1561 88
996 122
921 108
827 67
1812 95
1159 72
1308 115
1608 101
1465 55
1945 56
1406 84
814 125
999 102
1722 104
930 56
1914 112
1767 120
1106 88
869 106
849 74
1226 72
1555 125
1838 86
1635 117
1341 67
1995 121
