845 69
959 27
418 40
981 26
807 44
707 37
634 31
1111 32
986 47
709 52
826 60
1104 47
1185 47
504 42
1089 38
416 41
881 32
698 29
1098 67
1010 68
954 28
916 55
968 56
858 37
646 25
822 23
620 42
505 65
1014 36
1149 63
892 57
437 20
842 48
847 64
443 20
995 65
695 41
411 44
902 47
735 43
1168 61
764 35
978 64
944 41
511 35
436 42
1137 56
1030 24
522 27
627 24
1132 56
1085 32
1104 28
558 46
1063 64
1050 22
1163 60
938 42
769 20
618 44
942 54
1136 23
691 36
1127 65
998 34
664 25
590 26
628 69
411 38
1025 49
895 47
1086 53
429 68
724 64
877 25
1019 54
952 69
422 26
1110 48
908 29
1042 35
596 50
567 45
1180 55
1002 27
678 21
547 32
608 49
745 43
718 44
584 48
502 25
786 22
776 65
815 33
1000 53
706 48
665 65
411 36
744 63
