134 2
31 0
162 19
11 7
100 17
190 8
277 14
145 17
53 9
52 7
136 17
205 16
494 1
89 11
91 11
135 16
322 14
377 10
0 4
201 11
457 2
57 2
102 6
224 8
158 6
102 5
64 18
246 15
159 4
375 18
245 5
408 19
441 13
116 2
375 4
462 2
475 16
226 7
295 6
279 11
309 0
114 7
380 1
228 19
474 1
267 9
57 9
82 19
412 7
411 11
258 6
190 19
261 0
212 14
274 6
117 17
169 18
460 9
49 1
406 14
16 7
471 10
446 18
377 8
495 6
333 14
26 4
260 2
51 0
139 16
313 14
3 7
451 1
352 15
106 1
197 2
233 18
282 3
272 18
266 10
9 9
148 19
312 13
92 7
31 0
270 17
139 6
476 15
207 16
70 12
151 3
324 10
4 3
351 1
131 8
240 2
35 2
282 18
425 17
107 11
