1810 95
1333 54
942 127
905 117
1544 110
1995 86
1509 114
1828 59
1391 85
1392 57
1629 126
1918 63
929 95
1843 116
1342 71
1771 105
1203 71
1902 109
1689 97
1691 63
1365 108
1716 110
1930 116
901 93
974 79
834 114
1431 90
1452 125
1730 98
1055 118
1616 111
1563 111
1838 59
1341 89
1583 112
1658 98
1448 62
999 123
1479 76
840 88
833 118
1427 81
1927 117
896 54
1444 77
1792 79
1622 96
1686 65
1206 63
886 124
1702 112
1833 97
1606 107
906 97
1394 110
832 113
1372 81
1865 58
1313 52
1455 108
1003 68
1289 82
979 124
1441 129
1664 88
1037 123
1024 69
1516 96
1970 84
1103 68
1790 78
1170 75
1778 114
1926 128
1993 57
1388 69
1338 58
1136 53
827 73
1695 117
831 58
806 90
1331 99
1608 84
801 80
1100 103
943 112
1793 90
1160 109
847 72
1844 57
988 116
1382 99
1335 58
882 89
980 97
1161 88
1572 124
1554 62
929 63
