875 41
555 51
501 46
621 53
520 20
906 69
1040 68
1072 31
1002 65
892 31
427 67
440 61
432 47
564 41
740 62
800 53
807 60
708 44
481 49
1021 51
1091 58
468 56
501 22
827 53
1058 41
711 59
797 49
1029 28
558 21
475 25
860 27
988 44
601 22
454 49
453 49
508 51
416 61
475 27
879 43
1180 68
713 65
805 25
799 35
844 45
1095 46
425 55
1156 62
694 52
563 64
965 33
467 67
703 29
1042 64
885 65
977 49
452 26
883 60
1066 30
839 53
415 46
527 33
851 45
909 46
706 57
969 43
406 22
801 33
697 54
1198 34
404 40
878 48
905 61
564 55
650 58
1032 38
1173 62
988 23
1133 21
1004 21
501 28
912 44
523 62
898 22
926 22
743 50
1070 64
892 40
863 43
639 57
761 63
1046 68
1087 36
991 61
618 40
566 55
610 36
508 53
536 41
1130 68
931 20
